n:0.07117185274165107

o:0.07647214714541287

p:0.018802569808599054

q:0.001207645770929746

r:0.059446715999188916

s:0.0645214591338318

t:0.09100560573509822

u:0.029858432088213326

v:0.009989707418615455

q:0.0211386136072546

x:0.0015949009371125844

y:0.01932393654020395

z:0.000676332966291154
