a::0.08043838439839733

b:0.015971789086783657

c:0.026726060764731097

d:0.04015807197620129

e:0.12317762274737488

f:0.02278164070420764

g:0.01962199789014915

h:0.058915403194550325

i:0.07048525286126062

j:0.001894245651320197

k:0.0070690911984312155

l:0.041843450093813926

m:0.025707069540375924
